0
1
3
4
5
6
7
8
9
10
11
13
14
15
17
18
19
20
22
24
27
28
29
30
31
32
33
34
36
37
38
39
41
45
48
50
51
57
60
62
71
87
91
92
93
95
101
102
103
106
107
118
125
126
131
132
141
142
155
156
158
159
160
161
162
163
164
165
166
167
168
169
170
171
172
180
181
183
184
185
186
187
188
189
190
191
192
193
194
195
196
197
198
199
200
201
202
206
212
213
214
215
216
217
218
219
227
228
229
230
233
234
235
236
237
238
239
240
241
242
243
244
245
246
247
248
249
250
251
252
253
254
255
256
257
258
259
304
330
331
332
333
334
335
342
343
344
345
346
347
348
349
350
351
352
353
354
355
356
357
358
359
360
361
362
363
364
365
366
367
379
380
381
382
383
384
385
386
